accu: 0.7523602033405955
1899 644 720 2245
TPR: 0.7571669477234402
TNR: 0.7467558002359418
FPR: 0.24283305227655982
FNR: 0.2532441997640582
FDR: 0.22291450328833506
FOR: 0.27491408934707906
random seed: 89