accu: 0.8182643427741467
1893 650 351 2614
TPR: 0.8816188870151771
TNR: 0.7443963822257177
FPR: 0.1183811129848229
FNR: 0.2556036177742823
FDR: 0.19914215686274508
FOR: 0.15641711229946523
random seed: 89