accu: 0.6045751633986928
723 1748 430 2607
TPR: 0.8584129074744814
TNR: 0.292594091460947
FPR: 0.1415870925255186
FNR: 0.7074059085390529
FDR: 0.4013777267508611
FOR: 0.37294015611448394
50