accu: 0.7549019607843137
1736 735 615 2422
TPR: 0.7974975304576886
TNR: 0.7025495750708215
FPR: 0.20250246954231144
FNR: 0.2974504249291785
FDR: 0.2328159645232816
FOR: 0.2615908124202467
50