accu: 0.7552650689905592
1785 758 590 2375
TPR: 0.8010118043844857
TNR: 0.7019268580416831
FPR: 0.19898819561551429
FNR: 0.2980731419583169
FDR: 0.24194063198212576
FOR: 0.24842105263157896
89