accu: 0.7474582425562818
1790 681 710 2327
TPR: 0.7662166611787948
TNR: 0.7244030756778632
FPR: 0.23378333882120517
FNR: 0.2755969243221368
FDR: 0.22639627659574468
FOR: 0.284
random seed: 50