accu: 0.7429193899782135
1782 761 655 2310
TPR: 0.7790893760539629
TNR: 0.682497127537342
FPR: 0.2209106239460371
FNR: 0.31750287246265796
FDR: 0.24780201888635622
FOR: 0.26877308165777597
89
