accu: 0.5809731299927379
556 1987 321 2644
TPR: 0.8917369308600337
TNR: 0.21863940228077075
FPR: 0.1082630691399663
FNR: 0.7813605977192293
FDR: 0.4290649967609588
FOR: 0.3660205245153934
89