accu: 0.7429193899782135
1727 744 672 2365
TPR: 0.7787290088903523
TNR: 0.6815311760063141
FPR: 0.22127099110964765
FNR: 0.3184688239936859
FDR: 0.239305242843358
FOR: 0.28011671529804083
50
