accu: 0.7472766884531591
1850 693 699 2266
TPR: 0.7642495784148398
TNR: 0.7274872198191112
FPR: 0.23575042158516024
FNR: 0.27251278018088876
FDR: 0.2342007434944238
FOR: 0.2742251863475873
random seed: 89